1000
9751
88702
92196
76984
3817
15688
34660
66857
48020
3687
58894
31113
64527
1051
44355
66692
78182
99649
84998
93167
46674
60589
37508
63118
86179
83783
30670
96511
74207
5919
62375
69190
16229
51278
87449
58774
48074
52203
51138
58937
17605
72838
14540
75228
35878
7396
8539
40570
88640
81880
21247
49348
82088
33466
62057
25514
65877
96039
70874
44360
89447
43061
53430
31151
98981
12817
59352
72782
39935
49943
30303
51454
15345
77549
58310
17639
12296
23005
79282
89170
45023
93709
58916
4332
74467
85564
18254
19028
64885
65499
21474
31074
53485
98533
22662
47059
45276
30077
40356
66805
50026
11971
83646
97131
66749
73010
74302
94621
68635
69529
3244
38496
7431
3635
93081
24029
89639
84870
62103
4225
45414
22709
45899
2465
86678
16002
25179
27751
74765
59396
53634
37949
91888
50208
95747
94389
95597
44295
6618
5586
41410
64364
84621
83607
44859
40512
62241
11818
7192
93260
22153
83589
77933
54442
61082
59641
88036
79297
57018
88478
3901
39707
54518
13564
5909
8228
52882
92879
51428
90305
85916
38939
10272
6539
39546
22252
63712
6375
81441
45512
77371
65155
1447
32883
25006
38799
40720
36766
156
62805
16965
71534
88463
14358
8996
39748
39101
98595
64464
31726
85191
54612
41064
68330
92539
54441
47957
43762
85337
80763
83357
61993
79314
51774
55798
54368
95148
16374
90900
72965
88930
81106
34882
13288
57096
42377
16495
70219
82669
14832
6560
62982
63929
28693
27012
6421
98261
86267
12069
2462
67242
5522
41881
25698
4226
83634
70712
33312
53803
2836
12840
10752
38362
24941
93877
15715
37420
52328
84188
26276
87175
10783
11078
89547
17279
53014
39634
94446
98356
76212
10411
60804
22393
12030
83545
61128
7183
5810
80051
65414
73520
68381
38002
52133
63944
47353
71808
91249
71262
52903
12879
93604
86448
21892
56903
57488
73948
52139
8439
235
67739
33256
60365
67960
31239
28916
83328
20142
67518
93330
66986
74951
92191
78724
50324
44999
37361
72651
56521
81319
42594
47737
87244
90173
97197
1044
57638
59050
95413
22410
96375
53919
45294
55692
8974
40845
21019
97608
99252
62344
17841
4871
41282
65463
41307
33791
80818
90714
64343
84470
49587
64568
58109
45332
73879
34501
94656
14563
87783
10188
99597
69990
95734
39263
65072
48243
48594
64248
1303
52014
54871
72138
65294
29156
11453
97641
16872
18881
5650
51187
8447
54894
43779
38745
9683
54954
90995
56078
33134
3716
99854
71499
49065
14066
78327
22685
89863
89522
26238
77036
35999
42522
47981
37928
81431
55197
89857
16114
87627
53533
51158
40644
33389
87272
38108
24990
38535
94001
22405
51438
55164
37195
51008
41787
80140
78788
74464
74382
15990
11132
14229
59230
37016
69408
70748
33399
82450
86183
19698
19782
78632
1929
33188
86083
91302
81847
10242
45786
13982
63099
99377
53464
65676
14637
69664
80560
60059
97518
75379
7015
94945
76165
39963
90690
45317
62452
56038
11881
14529
8022
87794
46456
73922
33815
7133
74306
13196
66032
75545
27203
97531
20093
61371
77152
41956
61117
64338
68573
21530
73126
97172
8379
30028
89474
56852
27019
82699
71850
38960
2804
62218
19773
93863
19293
14654
8604
32168
94679
10757
14790
5381
38314
37923
17995
19239
78619
61447
3503
5179
80950
58028
50590
49961
7998
36987
68966
80037
61550
7310
52501
89886
55819
23567
51440
85428
58472
63487
48364
29832
23189
467
31885
81099
24102
4345
92761
46360
41499
47096
74264
98653
98353
78261
61995
21364
86756
45074
36102
94097
90079
41777
77835
29972
68770
66806
12835
85726
34543
31754
15740
42336
36817
18940
92314
74574
91881
79522
16923
37651
25654
28669
46188
20478
14368
39610
18433
77786
22337
84117
49173
39996
78033
3192
79710
56533
96045
64449
91435
52648
39843
91106
11582
1589
65437
44226
96544
44307
89319
76513
50213
98396
45151
43608
9021
36034
97304
6143
5108
67455
59466
6344
88487
59563
12153
5704
17859
45255
59009
92598
68732
47030
68891
27820
64934
45099
57679
61163
78388
63740
37878
99035
57931
84598
23018
64559
13505
1035
13612
38439
43480
39367
32305
79759
2577
88384
74731
50501
26350
45900
69520
76856
1929
31980
29417
85355
22602
28133
20793
28921
99529
12303
92424
9139
75360
69383
42571
70213
55436
80511
9489
36918
36480
80342
29900
50862
22662
84226
31290
19218
89587
9576
90128
36139
87654
99790
17090
14980
49309
1001
88945
45426
28499
13136
17905
69230
58170
50225
8214
91870
78065
82625
83035
86162
49954
2575
30126
44329
36251
56690
26363
22036
58854
22081
87220
71218
29384
28001
19002
12763
45682
27865
98218
12088
2535
53665
81511
11567
42379
11161
22943
52381
47236
25270
16477
38268
26225
96471
58443
97444
63587
50646
27298
51086
85819
85145
24624
2099
15810
63048
62596
33811
5759
25402
75576
97297
63193
1928
90812
96571
77737
74883
36955
99048
77562
3041
844
91546
66592
72338
33399
17028
78770
10769
57922
84773
29286
56598
15576
2961
37512
51304
62549
41936
79734
8399
32656
81984
54715
38440
16580
47670
50534
82770
16733
77954
16870
54278
33276
13904
96900
96291
69639
54763
29949
85383
12944
1180
75131
52889
64192
12976
65519
30403
11200
52919
92589
2366
6212
54889
61571
165
61588
29667
14423
57260
83353
18607
63453
41065
59616
41442
34738
15024
18605
17598
38776
27772
64096
75096
67854
45129
16253
84948
68170
17023
68826
45900
31478
66857
56234
55311
96165
41924
26656
63398
45264
79571
54915
43667
90642
51311
73293
72690
25244
62203
81215
2209
84469
36789
45125
80348
2482
33833
64897
38753
87982
38592
62871
21202
25478
83925
43412
16504
40180
40712
46588
89573
18437
84364
25487
90866
89721
26363
8535
72647
23831
49961
27408
60761
30666
43989
63124
14125
44444
82588
34818
87195
9646
46984
52426
57101
75857
57286
27800
58439
50564
19349
34043
50657
44778
98682
80881
56240
85575
61649
87985
35971
34935
58366
85780
58024
22411
58305
72352
24718
78977
65031
3123
50310
18846
21437
54505
45731
29643
78496
48713
10144
22922
94800
78834
36416
61683
50659
85534
2385
3375
2037
68432
31050
30384
81053
58335
94387
91339
6299
88863
75716
68371
38030
31400
7494
19507
59106
68261
46165
20072
32774
78652
34247
84953
31356
4213
83974
84724
24393
69736
53433
77190
90092
22695