3700
99820
68760
23728
49957
48155
58460
28406
28406
28407
28408
28409
28410
28411
28412
4416
42527
44717
74779
23928
14442
92232
17292
49112
33303
33303
33304
33305
33306
33307
33308
33309
33310
33311
33312
33313
33314
33315
33316
33317
33318
33319
33320
33321
33322
33323
33324
33325
33326
33327
33328
33329
33330
33331
33332
33333
32327
26281
46989
25263
33860
73262
57430
27630
68008
68008
68009
68010
68011
68012
68013
68014
68015
68016
68017
62302
62302
62303
62304
62305
62306
62307
62308
62309
62310
62311
62312
62313
62314
62315
62316
62317
62318
62319
62320
62321
62322
62323
62324
62325
62326
62327
62328
62329
62330
62331
62332
62333
62334
62335
62336
62337
62338
62339
62340
62341
62342
62343
62344
62345
62346
62347
62348
70547
58875
87050
85866
39781
90834
71667
67259
2413
95804
95804
95805
95806
95807
95808
95809
95810
95811
95812
95813
95814
95815
95816
95817
95818
95819
95820
95821
95822
95823
95824
95825
95826
95827
95828
95829
95830
95831
95832
95833
95834
61574
72528
74354
77753
90334
2354
34192
4435
90603
90603
90604
95353
26233
78739
28299
92024
7529
33236
50057
26977
14037
85427
56522
34165
42325
94927
76780
28261
64201
64201
64202
64203
64204
64205
64206
64207
64208
64209
64210
64211
64212
64213
64214
90604
90604
90605
90606
90607
90608
90609
90610
90611
90612
90613
90614
90615
90616
90617
90618
90619
58570
53722
82921
30210
58764
7813
22071
95654
9171
85318
4131
90648
91950
34632
47454
19849
17236
18071
56520
93768
94265
32699
26586
31008
31008
31009
31010
31011
31012
31013
31014
31015
31016
31017
31018
31019
31020
31021
31022
31023
28802
28802
28803
28804
28805
28806
28807
28808
28809
28810
28811
28812
28813
28814
28815
28816
28817
28818
28819
28820
28821
28822
28823
28824
28825
28826
28827
28828
28829
28830
28831
28832
28833
28834
28835
28836
28837
28838
28839
28840
28841
28842
28843
28844
28845
28846
28847
38167
19314
42454
84656
75927
66713
14766
96091
66378
43928
11807
11807
11808
11809
11810
11811
11812
11813
11814
11815
11816
11817
11818
11819
11820
11821
11822
11823
11824
11825
11826
11827
11828
11829
11830
27390
75209
24339
65975
32680
67681
94290
13552
70372
44203
44203
44204
44205
44206
44207
44208
44209
44210
44211
44212
44213
44214
44215
44216
44217
44218
44219
44220
44221
44222
44223
44224
44225
44226
44227
44228
44229
44230
44231
44232
44233
44234
44235
44236
44237
44238
44239
44240
38297
36379
23297
22298
854
43101
43101
43102
43103
43104
43105
43106
43107
43108
43109
43110
43111
43112
43113
43114
43115
43116
43117
43118
43119
43120
43121
43122
43123
43124
43125
43126
43127
43128
43129
43130
43131
43132
43133
43134
43135
43136
43137
77896
66049
40366
17187
74164
59822
68957
39677
26213
80888
80975
82511
28626
9869
12475
81226
65908
65908
65909
65910
65911
65912
65913
65914
65915
65916
65917
65918
65919
65920
65921
65922
27310
49317
89942
38870
49902
49902
32392
3856
63164
74878
31826
339
36179
96308
96308
96309
96310
96311
96312
96313
96314
96315
96316
43222
23533
91952
26478
15833
99652
25291
87877
37718
73973
1992
57281
95142
32353
95977
17806
17806
17807
17808
26926
14063
3702
3702
3703
3704
3705
3706
3707
3708
1707
1707
1708
1709
1710
1711
1712
1713
1714
1715
1716
1717
1718
1719
1720
1721
1722
1723
1724
1725
1726
1727
1728
1729
1730
1731
58812
39969
84784
62982
6121
70085
67235
89419
91645
162
52343
35276
44231
25222
45583
33303
33303
33304
33305
33306
33307
33308
33309
33310
33311
33312
33313
33314
33315
33316
33317
33318
33319
33320
33321
33322
33323
33324
33325
33326
33327
93384
74337
27157
83249
52878
11445
2524
1125
12057
6412
92146
18489
54798
53886
33887
62975
94433
55260
88749
1666
52928
89972
51903
51903
51904
51905
51906
51907
51908
51909
51910
51911
51912
51913
51914
51915
51916
51917
51918
51919
51920
51921
51922
51923
51924
51925
51926
51927
51928
51929
51930
51931
51932
51933
51934
51935
51936
51937
51938
51939
51940
51941
51942
51943
51944
51945
38009
2450
64427
13763
33449
37891
597
35115
3682
28565
44746
83333
53208
53208
53209
53210
53211
53212
53213
53214
53215
53216
53217
31158
62812
67177
54221
95938
62784
55879
14540
93997
4307
4307
4308
4309
4310
4311
4312
4313
4314
4315
4316
4317
4318
4319
4320
4321
4322
4323
4324
4325
4326
4327
4328
4329
4330
4331
4332
4333
4334
4335
4336
4337
4338
4339
4340
4341
4342
4343
4344
4345
4346
4347
4348
4349
4350
41570
32806
32806
32807
32808
32809
32810
32811
32812
32813
32814
32815
32816
32817
32818
32819
32820
32821
32822
32823
63255
44872
6147
3726
81071
73921
55137
23207
23207
23208
23209
23210
23211
23212
23213
23214
31396
11417
53562
63417
90583
55451
28865
51641
22614
42858
98937
88914
14707
14707
14708
14709
14710
14711
14712
14713
14714
14715
14716
14717
14718
14719
14720
14721
14722
14723
14724
14725
14726
14727
14728
14729
92977
23299
54168
5196
1278
68603
68603
68604
68605
68606
68607
68608
68609
68610
68611
68612
68613
68614
68615
68616
68617
68618
68619
68620
68621
68622
68623
68624
68625
68626
68627
68628
68629
68630
68631
68632
68633
68634
68635
68636
68637
68638
68639
68640
68641
68642
68643
68644
68645
68646
68647
68648
68649
68650
68651
60581
67371
13279
2787
50477
69134
30649
65224
38947
80310
61951
32852
18199
49504
49504
49505
49506
49507
49508
49509
49510
49511
49512
49513
49514
49515
49516
49517
49518
49519
49520
49521
52905
52905
52906
52907
52908
52909
52910
52911
52912
52913
52914
52915
52916
52917
52918
52919
52920
52921
52922
52923
52924
52925
52926
52927
52928
52929
52930
52931
52932
52933
52934
52935
52936
52937
52938
52939
52940
52941
52942
52943
52944
52945
52946
52947
52948
52949
52950
98249
73861
30283
54158
43070
58377
25443
20571
31183
46488
64294
64878
15138
33405
33405
33406
33407
33408
33409
33410
33411
33412
33413
7583
6243
939
23978
63407
63407
63408
63409
63410
63411
63412
63413
63414
63415
63416
63417
63418
63419
63420
63421
63422
5610
27563
63461
62324
88731
31066
19299
26146
48362
13745
39684
38786
4143
52829
67252
99984
47873
42274
34476
26174
32632
92636
33064
25123
5469
64000
64000
64001
64002
64003
64004
64005
64006
64007
64008
64009
64010
64011
64012
64013
64014
64015
64016
64017
64018
64019
64020
64021
64022
64023
64024
64025
64026
64027
64028
64029
64030
64031
64032
64033
64034
64035
64036
64037
64038
64039
64040
64041
64042
64043
61005
61005
61006
61007
61008
61009
61010
61011
61012
61013
61014
61015
61016
61017
61018
61019
61020
61021
61022
61023
61024
61025
61026
61027
61028
61029
61030
61031
61032
61033
61034
61035
61036
61037
61038
61039
61040
61041
61042
61043
61044
61045
61046
61047
74432
12991
82899
5877
26926
53562
1413
29245
83256
82608
82608
82609
82610
82611
82612
82613
82614
82615
82616
82617
82618
82619
82620
82621
82622
82623
82624
82625
82626
82627
82628
82629
82630
82631
82632
82633
82634
82635
82636
82637
82638
82639
82640
82641
82642
82643
82644
82645
82646
82647
82648
82649
82650
82651
82652
82653
82654
82655
82656
82657
19020
85393
60931
19598
11660
3921
3153
26226
65550
24754
27226
37091
27864
85307
85307
85308
85309
85310
85311
85312
85313
85314
85315
85316
85317
85318
85319
85320
85321
85322
85323
9895
60015
25018
18769
2958
91074
55754
80367
99551
97264
55669
99062
38606
38606
38607
38608
38609
38610
38611
38612
38613
38614
38615
38616
38617
38618
38619
38620
38621
38622
38623
38624
38625
38626
38627
38628
19634
80788
54890
19643
5839
53550
15604
15604
51754
7385
39658
37572
58393
95001
95001
95002
95003
95004
95005
95006
95007
95008
95009
95010
95011
95012
95013
95014
95015
95016
95017
95018
95019
95020
95021
95022
95023
95024
95025
95026
95027
95028
95029
84747
20041
64692
4080
62152
81092
11602
11602
11603
11604
11605
11606
11607
11608
11609
11610
11611
11612
11613
11614
11615
11616
11617
11618
11619
11620
11621
11622
11623
11624
11625
11626
11627
11628
11629
89684
92332
4756
51427
4751
51812
28846
62322
10720
87885
72385
35640
37066
73421
27481
70005
70005
70006
70007
70008
70009
70010
70011
70012
70013
29869
95200
95200
95201
95202
95203
95204
95205
95206
95207
95208
57079
88217
64318
43676
14118
17514
17710
59171
13690
67296
84894
14498
4059
48425
24418
1473
39684
65983
60501
60501
60502
60503
60504
60505
60506
60507
60508
60509
60510
60511
60512
60513
60514
60515
60516
60517
60518
60519
60520
60521
60522
60523
60524
60525
60526
60527
60528
60529
60530
60531
60532
60533
60534
60535
60536
60537
60538
60539
60540
60541
60542
60543
60544
60545
60546
60547
60548
60549
60550
99979
50445
72557
58802
58802
58803
58804
58805
58806
58807
58808
58809
58810
58811
58812
58813
58814
58815
58816
58817
58818
58819
58820
58821
58822
58823
58824
58825
58826
58827
58828
19313
69529
53239
17019
63261
32858
79207
79207
79208
79209
79210
79211
79212
79213
79214
79215
79216
79217
79218
79219
79220
79221
79222
79223
79224
79225
79226
79227
79228
79229
79230
79231
79232
79233
79234
79235
79236
79237
79238
79239
79240
79241
79242
79243
79244
79245
79246
79247
79248
79249
79250
79251
79252
79253
79254
79255
79256
56440
64508
64508
64509
64510
64511
64512
64513
64514
32285
39906
39906
39907
39908
39909
39910
39911
39912
39913
39914
39915
39916
39917
39918
39919
39920
39921
39922
39923
39924
39925
39926
39927
39928
39929
39930
39931
39932
39933
39934
39935
39936
39937
39938
30468
65723
27572
45479
28413
69835
2533
89997
66046
4612
36074
85503
85503
85504
85505
85506
85507
85508
85509
85510
85511
85512
85513
85514
85515
85516
85517
85518
85519
85520
85521
85522
85523
85524
85525
85526
85527
85528
85529
85530
85531
85532
85533
85534
85535
85536
85537
36651
21685
9930
83195
41625
86686
74178
13021
53738
42815
93019
58325
293
504
504
505
506
507
508
509
510
511
512
513
514
515
516
517
518
519
520
521
522
523
524
525
526
527
528
529
530
531
532
533
534
535
536
537
538
539
540
541
542
543
544
545
546
71962
57987
69459
96526
33783
22430
42243
33027
71967
98647
53573
8425
86685
15684
29673
99073
52074
58260
54122
18349
60632
4321
29463
59879
91915
82673
47734
78903
78903
78904
78905
78906
78907
78908
78909
78910
78911
78912
78913
78914
78915
78916
78917
78918
78919
78920
78921
78922
78923
78924
78925
78926
78927
78928
78929
78930
78931
78932
78933
78934
78935
78936
78937
78938
78939
78940
78941
78942
78943
78944
78945
78946
78947
78948
89288
55231
71861
78085
90253
6980
20731
48319
59703
59703
59704
59705
59706
59707
59708
59709
59710
59711
22342
46858
39604
39604
39605
39606
39607
39608
39609
39610
39611
39612
39613
39614
39615
39616
39617
39618
39619
39620
39621
39622
39623
39624
39625
39626
39627
39628
39629
39630
39631
39632
39633
39634
39635
39636
39637
39638
39639
39640
39641
39642
39643
39644
39645
39646
39647
39648
39649
39650
39651
39652
39653
22729
32580
84439
90432
80046
30083
92508
92508
92509
92510
92511
92512
92513
92514
92515
92516
92517
92518
92519
92520
92521
92522
92523
92524
92525
92526
92527
92528
92529
92530
92531
92532
92533
92534
92535
92536
92537
92538
92539
92540
92541
92542
92543
92544
92545
92546
92547
92548
92549
92550
92551
33002
33002
33003
33004
33005
33006
33007
33008
33009
33010
33011
33012
33013
33014
33015
33016
33017
33018
33019
33020
33021
33022
33023
33024
33025
33026
33027
33028
33029
33030
33031
33032
33033
33034
33035
33036
33037
51352
52354
65468
70598
50370
81703
81703
17891
64503
64503
64504
64505
64506
64507
64508
64509
64510
64511
64512
64513
64514
64515
64516
64517
64518
64519
64520
64521
64522
64523
64524
64525
64526
64527
64528
64529
64530
64531
64532
64533
64534
64535
64536
64537
64538
64539
64540
64541
64542
64543
64544
64545
64546
64547
51799
58141
52367
84919
19021
20129
36890
58913
91171
46789
4278
59872
75235
37173
817
35859
33659
64459
83861
4680
56021
30973
69748
21410
17589
56624
47185
42581
77711
69931
71625
85742
99939
2502
2502
2503
2504
2505
2506
2507
2508
2509
2510
2511
2512
2513
2514
2515
2516
2517
2518
2519
2520
2521
2522
2523
2524
2525
2526
2527
2528
2529
2530
2531
2532
2533
2534
2535
2536
2537
2538
2539
2540
2541
2542
2543
2544
63920
81046
9857
5116
70937
46286
93233
46097
835
6666
87477
77446
79174
66107
66107
66108
66109
66110
66111
66112
66113
66114
4659
31099
22690
77358
46280
12091
9064
35375
54323
20293
76596
98404
98404
98405
98406
98407
98408
98409
98410
98411
98412
98413
98414
98415
98416
98417
98418
98419
98420
98421
98422
98423
98424
98425
98426
98427
98428
98429
98430
98431
98432
98433
98434
98435
98436
98437
98438
98439
98440
98441
98442
98443
98444
98445
98446
98447
98448
98449
98450
98451
98452
98453
43103
43103
43104
43105
43106
43107
43108
43109
43110
43111
43112
43113
43114
43115
43116
43117
43118
43119
43120
43121
43122
43123
43124
43125
43126
43127
43128
43129
43130
43131
43132
43133
43134
43135
43136
43137
43138
43139
43140
43141
69221
71945
47732
82892
44835
92367
47484
66012
51476
37848
23129
85809
61992
9610
47869
54722
89178
88780
43977
8197
70562
54024
98929
99206
99206
99207
99208
99209
99210
99211
99212
99213
99214
99215
99216
99217
99218
99219
99220
99221
99222
99223
99224
99225
99226
99227
99228
99229
99230
99231
99232
99233
99234
99235
99236
99237
99238
99239
99240
99241
99242
99243
99244
99245
99246
99247
99248
99249
7068
28251
60675
67602
67602
67603
67604
67605
67606
67607
67608
67609
67610
67611
67612
67613
67614
67615
67616
67617
67618
67619
67620
67621
67622
67623
67624
67625
67626
67627
67628
67629
67630
67631
67632
67633
67634
67635
67636
66982
49031
34141
24234
79687
30017
13578
68809
82830
68320
30353
99807
99807
99808
99809
99810
99811
99812
99813
99814
62509
68497
96497
30108
30108
30109
30110
30111
30112
30113
30114
30115
30116
30117
30118
30119
30120
30121
30122
30123
30124
30125
30126
30127
30128
30129
30130
30131
30132
30133
30134
30135
30136
30137
30138
30139
30140
30141
30142
30143
30144
30145
30146
30147
30148
30149
30150
30151
8616
13330
25112
65810
41886
75593
80807
80807
80808
80809
80810
80811
80812
80813
80814
80815
80816
80817
80818
80819
80820
80821
80822
80823
80824
80825
80826
80827
80828
80829
80830
80831
80832
80833
80834
80835
80836
80837
80838
80839
80840
80841
80842
64571
70752
32154
89810
16888
50794
47654
54471
51219
69394
90252
53482
31932
88861
39507
39507
39508
39509
39510
39511
39512
39513
39514
39515
39516
39517
39518
39519
39520
39521
39522
39523
39524
39525
39526
39527
39528
39529
39530
39531
39532
39533
39534
39535
39536
39537
39538
39539
39540
39541
39542
39543
39544
13196
95164
16304
16304
16305
16306
16307
16308
16309
16310
16311
16312
16313
16314
16315
16316
16317
16318
16319
16320
16321
16322
16323
16324
16325
16326
16327
16328
16329
16330
16331
16332
16333
16334
16335
16336
16337
16338
16339
16340
16341
16342
16343
16344
16345
16346
16347
16348
16349
16350
16351
16352
16353
19766
80016
15944
62744
31414
19257
5996
72892
77957
39453
29603
29603
29604
29605
29606
29607
29608
29609
29610
29611
29612
29613
29614
29615
29616
29617
29618
29619
29620
29621
29622
29623
29624
29625
29626
29627
29628
29629
29630
29631
29632
29633
29634
29635
29636
29637
29638
29639
29640
29641
29642
29643
29644
29645
29646
29647
29648
29649
57263
61842
10438
31539
34971
22760
34533
60449
95689
17334
28039
81147
17019
48095
25326
14204
14204
14205
14206
14207
14208
14209
14210
14211
14212
14213
14214
14215
14216
14217
14218
14219
14220
14221
14222
92416
49497
80629
54425
77594
99075
50733
89478
16470
88393
24697
15613
7386
94568
10068
13959
98118
12100
12100
12101
12102
12103
12104
12105
12106
12107
12108
12109
12110
12111
12112
12113
12114
12115
12116
12117
12118
12119
12120
12121
48351
38411
41190
86184
86629
56937
39997
14984
51084
29475
97061
9307
9307
9308
9309
9310
9311
9312
9313
9314
9315
9316
9317
9318
9319
9320
9321
9322
9323
9324
9325
9326
9327
9328
9329
9330
9331
76834
35973
54408
54408
54409
54410
54411
54412
54413
54414
54415
54416
54417
54418
54419
54420
54421
54422
54423
54424
54425
54426
54427
54428
54429
54430
54431
54432
54433
54434
54435
54436
54437
54438
54439
54440
54441
54442
54443
54444
54445
54446
54447
47010
58962
12154
94558
58685
83121
19643
22728
58674
93594
65964
35527
14098
46168
43166
69544
77767
74605
74605
74606
74607
74608
74609
74610
74611
74612
74613
74614
74615
74616
74617
74618
74619
74620
74621
74622
74623
74624
74625
74626
74627
74628
74629
74630
74631
74632
74633
74634
74635
74636
74637
74638
74639
74640
74641
74642
74643
74644
74645
74646
74647
74648
74649
74650
74651
74652
74653
43306
43306
43307
43308
43309
43310
43311
43312
43313
43314
43315
43316
43317
43318
43319
43320
43321
69650
34309
2194
51838
38267
48609
65948
16308
16308
16309
16310
16311
16312
16313
16314
16315
16316
16317
16318
16319
16320
16321
16322
16323
16324
16325
16326
16327
16328
16329
16330
16331
16332
16333
16334
16335
16336
16337
16338
16339
16340
16341
16342
16343
11936
44876
30750
85242
38291
31970
19138
56043
92376
30731
45563
45757
50996
42772
69064
68549
67888
30554
82448
39262
69422
68093
60720
53577
3238
34835
75010
244
74049
28728
86955
94169
145
51651
83330
17085
60779
49908
49908
49909
49910
49911
49912
49913
49914
49915
49916
49917
49918
8601
8601
8602
8603
8604
8605
8606
8607
8608
8609
89546
39784
5205
5205
5206
5207
5208
5209
5210
5211
5212
5213
5214
5215
5216
5217
5218
5219
5220
5221
5222
5223
5224
5225
5226
5227
5228
5229
5230
5231
5232
5233
5234
5235
5236
5237
5238
16049
38589
35120
28869
55992
75002
75002
75003
75004
75005
75006
75007
75008
75009
75010
75011
75012
75013
75014
75015
75016
75017
75018
75019
75020
75021
75022
75023
75024
75025
75026
75027
75028
75029
75030
75031
75032
75033
75034
75035
75036
75037
75038
75039
75040
61077
14113
15114
86887
22303
22303
22304
22305
22306
22307
22308
1509
31604
31604
31605
31606
31607
31608
31609
31610
31611
31612
31613
31614
31615
31616
31617
31618
31619
31620
31621
31622
31623
31624
31625
31626
31627
31628
31629
31630
31631
31632
31633
31634
31635
31636
31637
31638
31639
31640
31641
31642
31643
31644
31645
31646
31647
31648
31649
31650
31651
31652
85799
7835
80296
78735
43722
41664
39328
74102
74102
74103
74104
74105
74106
74107
74108
74109
74110
74111
74112
74113
74114
74115
74116
74117
74118
74119
74120
74121
74122
74123
74124
74125
74126
74127
74128
74129
74130
74131
74132
35540
65567
18638
3145
70478
89158
20487
22211
15012
33948
20849
56039
75834
48365
17785
46746
27844
3279
15107
15107
15108
15109
15110
15111
15112
15113
15114
15115
15116
15117
15118
15119
15120
15121
15122
15123
15124
15125
15126
24186
70975
67265
62508
62508
62509
62510
62511
62512
62513
62514
62515
62516
62517
62518
62519
62520
62521
62522
62523
62524
62525
62526
62527
62528
62529
62530
62531
97482
5005
5005
5006
5007
5008
5009
5010
5011
5012
5013
5014
5015
5016
5017
5018
5019
5020
5021
5022
5023
5024
5025
5026
5027
5028
5029
5030
14893
28136
88297
91736
98218
13698
58768
58603
58603
58604
58605
58606
58607
58608
58609
58610
58611
58612
58613
58614
58615
58616
58617
58618
58619
58620
58621
58622
58623
58624
58625
58626
70772
50328
43660
56818
18350
4647
77291
6722
18100
18100
18101
18102
18103
18104
18105
18106
18107
18108
18109
18110
18111
18112
18113
6220
58962
40454
11976
22647
1269
11962
48392
24331
25012
55844
42017
44242
64414
4375
82615
68432
29293
98534
25276
82933
64945
51651
91178
47570
16155
33545
99197
86024
44776
60917
30987
15004
15004
15005
15006
15007
15008
15009
15010
15011
15012
15013
15014
15015
15016
15017
15018
15019
15020
15021
15022
3759
17696
58822
10058
33127
39930
3945
5446
17210
64605
64605
64606
64607
64608
64609
64610
64611
64612
5254
36531
69268
46920
6962
53870
45350
42475
75254
82872
37105
37105
37106
37107
37108
37109
37110
37111
37112
37113
37114
37115
37116
37117
64306
64306
64307
64308
64309
64310
64311
64312
64313
64314
64315
64316
64317
64318
64319
64320
64321
64322
64323
64324
64325
64326
64327
64328
64329
64330
64331
64332
64333
64334
9637
80418
12031
6004
6004
6005
6006
6007
6008
6009
6010
6011
6012
6013
6014
6015
6016
6017
6018
6019
6020
6021
6022
6023
6024
6025
6026
6027
6028
6029
6030
6031
6032
6033
6034
6035
6036
6037
6038
6039
6040
6041
6042
6043
6044
6045
6046
6047
6048
6049
49805
49805
49806
49807
49808
49809
49810
49811
49812
49813
49814
49815
49816
49817
49818
49819
49820
49821
49822
49823
49824
49825
49826
49827
49828
49829
49830
49831
49832
49833
49834
49835
49836
49837
49838
49839
49840
49841
49842
49843
49844
49845
49846
49847
49848
49849
49850
49851
49852
31535
25312
26084
64493
12811
56938
64841
48960
38159
52247
21671
97657
47550
58133
74979
89996
74910
57634
24785
94820
96469
92160
39523
75180
37644
96821
33308
33308
33309
33310
33311
33312
33313
33314
33315
33316
33317
33318
33319
33320
33321
33322
33323
33324
33325
33326
33327
33328
33329
33330
33331
33332
33333
33334
33335
33336
33337
33338
33339
33340
33341
33342
33343
33344
33345
53845
42913
62147
91514
58697
64957
63027
22066
61802
61802
61803
61804
61805
61806
61807
61808
61809
61810
61811
61812
61813
61814
61815
61816
61817
61818
61819
61820
61821
61822
61823
61824
61825
61826
61827
61828
61829
61830
61831
61832
61833
61834
61835
61836
61837
61838
61839
61840
61841
43311
9079
92039
12481
24179
76363
60542
84366
57381
96976
22203
22203
22204
22205
22206
22207
22208
22209
22210
22211
22212
22213
22214
22215
41066
45582
54623
33483
8054
79709
21788
31935
45659
20880
65277
29221
12610
1566
65666
98729
23896
43918
26376
48694
12511
52478
82855
25776
62054
35504
35504
35505
35506
35507
35508
35509
35510
35511
35512
35513
35514
35515
35516
35517
35518
35519
35520
35521
35522
35523
35524
35525
35526
35527
35528
35529
35530
35531
35532
35533
35534
35535
35536
35537
35538
35539
35540
67794
80339
49906
49906
49907
49908
49909
49910
49911
56127
47580
11432
42010
21831
98069
74489
37606
37606
37607
37608
37609
37610
37611
37612
37613
37614
37615
37616
37617
37618
37619
37620
37621
37622
37623
37624
37625
37626
37627
37628
37629
37630
37631
37632
37633
37634
37635
37636
37637
37638
37639
37640
37641
37642
37643
37644
37645
37646
67043
66258
72558
55070
815
816
817
818
18042
9181
9182
9132
9184
99673
57943
9684
36233
1977
1978
1979
72062
39914
38131
20953
12931
53085
12233
51573
51574
47888
74982
84715
38633
